maxgputemp 95
globalminer claymore
stratumproxy miner
proxywallet 0x7f32d4f2C40Ffb0CC94F3C31a120fDf2889d2044
proxypool1 us1.ethermine.org:4444
proxypool2 us2.ethermine.org:4444
flags --cl-global-work 8192 --farm-recheck 200
globalfan 100
autoreboot 3
cor 115-C766PI20-101 820
mem 115-C766PI20-101 1575
pwr 115-C766PI20-101 20
cor 115-C766PI2-101 890
mem 115-C766PI2-101 1650
pwr 115-C766PI2-101 20
pwr 113-D0090101_100 7
cor 113-1E353FU.O50 1140
mem 113-1E353FU.O50 2080
pwr 113-1E353FU.O50 7
pwr 113-D0000301_101 7
mem 113-D0090101_100 2000
cor 113-D0090101_100 1160
mem 113-D0090101_103 2000
cor 113-D0090101_103 1160
pwr 113-D0090101_103 7
mem 113-H5885SHD1-W90 2100
cor 113-H5885SHD1-W90 1150
pwr 113-H5885SHD1-W90 7
mem 113-H5885SHD1-M80 2100
cor 113-H5885SHD1-M80 1150
pwr 113-H5885SHD1-M80 7
cor 40fa38 1130 1130 1130 1130 1130 1130
mem 40fa38 2150 2150 2150 2150 2150 2150
pwr 40fa38 3 3 3 3 3 3
vlt 40fa38 831 831 831 831 831 831
cor f20c48 1130 1130 1130 1130 1130 1130
mem f20c48 2150 2150 2150 2150 2150 2150
pwr f20c48 3 3 3 3 3 3
vlt f20c48 831 831 831 831 831 831
cor 40f54a 820 820 820 820 820 820
mem 40f54a 1500 1500 1500 1500 1500 1500
pwr 40f54a 20 20 20 20 20 20
cor 40f885 1130 1130 1130 1130 1130 1130
mem 40f885 2150 2150 2150 2150 2150 2150
pwr 40f885 3 3 3 3 3 3
vlt 40f885 831 831 831 831 831 831
cor f210d8 1130 1130 1130 1130 1130 1130
mem f210d8 2150 2150 2150 2150 2150 2150
pwr f210d8 3 3 3 3 3 3
vlt f210d8 831 831 831 831 831 831
cor f21104 1130 1130 1130 1130 1130 1130
mem f21104 2150 2150 2150 2150 2150 2150
pwr f21104 3 3 3 3 3 3
vlt f21104 831 831 831 831 831 831
cor f210ff 1130 1130 1130 1130 1130 1130
mem f210ff 2150 2150 2150 2150 2150 2150
pwr f210ff 3 3 3 3 3 3
vlt f210ff 831 831 831 831 831 831
cor f20ea3 1130 1130 1130 1130 1130 1130
mem f20ea3 2150 2150 2150 2150 2150 2150
pwr f20ea3 3 3 3 3 3 3
vlt f20ea3 831 831 831 831 831 831
cor f20ea4 1130 1130 1130 1130 1130 1130
mem f20ea4 2150 2150 2150 2150 2150 2150
pwr f20ea4 3 3 3 3 3 3
vlt f20ea4 831 831 831 831 831 831
cor f20bd7 1130 1130 1130 1130 1130 1130
mem f20bd7 2150 2150 2150 2150 2150 2150
pwr f20bd7 3 3 3 3 3 3
vlt f20bd7 831 831 831 831 831 831
cor 40f595 1130 1130 1130 1130 1130 1130
mem 40f595 2150 2150 2150 2150 2150 2150
pwr 40f595 3 3 3 3 3 3
vlt 40f595 831 831 831 831 831 831
cor 40f8b6 1130 1130 1130 1130 1130 1130
mem 40f8b6 2150 2150 2150 2150 2150 2150
pwr 40f8b6 3 3 3 3 3 3
vlt 40f8b6 831 831 831 831 831 831
cor 40f813 1130 1130 1130 1130 1130 1130
mem 40f813 2150 2150 2150 2150 2150 2150
pwr 40f813 3 3 3 3 3 3
vlt 40f813 831 831 831 831 831 831
cor f20ab4 1130 1130 1130 1130 1130 1130
mem f20ab4 2100 2100 2100 2100 2100 2100
pwr f20ab4 3 3 3 3 3 3
vlt f20ab4 831 831 831 831 831 831
cor f20986 1130 1130 1130 1130 1130 1130
mem f20986 2100 2100 2100 2100 2100 2100
pwr f20986 3 3 3 3 3 3
vlt f20986 831 831 831 831 831 831
cor 40f5a5 1130 1130 1130 1130 1130 1130
mem 40f5a5 2100 2100 2100 2100 2100 2100
pwr 40f5a5 3 3 3 3 3 3
vlt 40f5a5 831 831 831 831 831 831
cor f20e70 1130 1130 1130 1130 1130 1130
mem f20e70 2100 2100 2100 2100 2100 2100
pwr f20e70 3 3 3 3 3 3
vlt f20e70 831 831 831 831 831 831
cor f20a44 1130 1130 1130 1130 1130 1130
mem f20a44 2100 2100 2100 2100 2100 2100
pwr f20a44 3 3 3 3 3 3
vlt f20a44 831 831 831 831 831 831
cor 40fb21 1130 1130 1130 1130 1130 1130
mem 40fb21 2100 2100 2100 2100 2100 2100
pwr 40fb21 3 3 3 3 3 3
vlt 40fb21 831 831 831 831 831 831
cor 40f597 1130 1130 1130 1130 1130 1130
mem 40f597 2100 2100 2100 2100 2100 2100
pwr 40f597 3 3 3 3 3 3
vlt 40f597 831 831 831 831 831 831
cor 40f869 1130 1130 1130 1130 1130 1130
mem 40f869 2100 2100 2100 2100 2100 2100
pwr 40f869 3 3 3 3 3 3
vlt 40f869 831 831 831 831 831 831
cor eff85e 1160 1160 1160 1160 1160 1160
mem eff85e 2000 2000 2000 2000 2000 2000
cor 016ac0 1160 1160 1160 1160 1160 1160
mem 016ac0 2000 2000 2000 2000 2000 2000
cor 9e3633 1160 1160 1160 1160 1160 1160
mem 9e3633 2000 2000 2000 2000 2000 2000
cor e146ac 1160 1160 1160 1160 1160 1160
mem e146ac 2000 2000 2000 2000 2000 2000
mem eff675 2000 2000 2000 2000 2000 2000
cor eff675 1160 1160 1160 1160 1160 1160
#pwr eff675 5 5 5 5 5 5
cor e14195 1160 1160 1160 1160 1160 1160
mem e14195 2000 2000 2000 2000 2000 2000
cor e149bf 1160 1160 1160 1160 1160 1160
mem e149bf 2000 2000 2000 2000 2000 2000
cor e141a0 1160 1160 1160 1160 1160 1160
mem e141a0 2000 2000 2000 2000 2000 2000
pwr e141a0 7 7 7 7 7 7
cor 016abe 1160 1160 1160 1160 1160 1160
mem 016abe 2000 2000 2000 2000 2000 2000
cor 9ab62d 1160 1160 1160 1160 1160 1160
mem 9ab62d 2000 2000 2000 2000 2000 2000
cor 9a29aa 1160 1160 1160 1160 1160 1160
mem 9a29aa 2000 2000 2000 2000 2000 2000
cor 9a4f34 1160 1160 1160 1160 1160 1160
mem 9a4f34 2000 2000 2000 2000 2000 2000
cor 9ef1ab 1160 1160 1160 1160 1160 1160
mem 9ef1ab 2000 2000 2000 2000 2000 2000
mem eff8f2 2000 2000 2000 2000 2000 2000
cor eff8f2 1160 1160 1160 1160 1160 1160
#pwr eff8f2 5 5 5 5 5 5
#mem effb55 2000 2000 2000 2000 2000 2000
#cor effb55 1160 1160 1160 1160 1160 1160
#pwr effb55 7 7 7 7 7 7
mem eff6dc 2000 2000 2000 2000 2000 2000
cor eff6dc 1160 1160 1160 1160 1160 1160
#pwr eff6dc 5 5 5 5 5 5
mem eff831 2000 2000 2000 2000 2000 2000
cor eff831 1160 1160 1160 1160 1160 1160
#pwr eff831 5 5 5 5 5 5
#mem eff834 2000 2000 2000 2000 2000 2000
#cor eff834 1279 1279 1279 1279 1279 1279
#pwr eff834 7 7 7 7 7 7
mem eff919 2000 2000 2000 2000 2000 2000
cor eff919 1160 1160 1160 1160 1160 1160
#pwr eff919 5 5 5 5 5 5
mem effa83 2000 2000 2000 2000 2000 2000
cor effa83 1160 1160 1160 1160 1160 1160
#pwr effa83 5 5 5 5 5 5
mem xxx-xxx-xxx 2000
pwr 10d669 4 4 4 4 4 4
pwr 047f1a 4 4 4 4 4 4
mem 9591b8 1600 1600 1600 1600 1600 1600
cor 9a4d13 820 820 820 820 820 820 
mem 9a4d13 1575 1575 1575 1575 1575 1575
cor 016bde 890 890 890 890 890 890 
mem 016bde 1600 1600 1600 1600 1600 1600
cor 96ec7b 890 890 890 890 890 890 
mem 96ec7b 1600 1600 1600 1600 1600 1600
#mem 9e3650 2050 2050 2050 2050 2050 2050
#cor 9e3650 1150 1150 1150 1150 1150 1150
cor 9d60f6 1160 1160 1160 1160 1160 1160
mem 9d60f6 2000 2000 2000 2000 2000 2000
mem 3366c5 2000 2000 2000 2000 2000 2000
cor 3366c5 1160 1160 1160 1160 1160 1160
pwr 3366c5 5 5 5 5 5 5
#mem 016a9c 2125 2125 2125 2125 2125 2125
#cor 016a9c 1220 1220 1220 1220 1220 1220
#pwr 016a9c 7 7 7 7 7 7
mem 016a92 2000 2000 2000 2000 2000 2000
cor 016a92 1160 1160 1160 1160 1160 1160
pwr 016a92 7 7 7 7 7 7
cor 969758 820 820 820 820 820 820
mem 969758 1575 1575 1575 1575 1575 1575
pwr 969758 20 20 20 20 20 20
cor 7a705b 820 820 820 820 820 820
mem 7a705b 1575 1575 1575 1575 1575 1575
pwr 7a705b 20 20 20 20 20 20
cor 2125ff 820 820 820 820 820 820
mem 2125ff 1575 1575 1575 1575 1575 1575
pwr 2125ff 20 20 20 20 20 20
cor 70ab7e 825 825 825 825 825 825
mem 70ab7e 1575 1575 1575 1575 1575 1575
cor 9e3ab8 820 820 820 820 820 820
mem 9e3ab8 1575 1575 1575 1575 1575 1575
pwr 9e3ab8 20 20 20 20 20 20
cor 5ea07f 890 890 890 890 890 890
mem 5ea07f 1600 1600 1600 1600 1600 1600
pwr 5ea07f 20 20 20 20 20 20
cor 9591b8 890 890 890 890 890 890
mem 9591b8 1625 1625 1625 1625 1625 1625
pwr 9591b8 20 20 20 20 20 20
cor e149bf 1160 1160 1160 1180 1160
mem e149bf 2000 2000 2000 2100 2000
pwr e149bf 7 7 7 7 7
#miner 016a9c sgminer-gm
#miner 96c10c sgminer-gm
#miner 9591b8 sgminer-gm
custompanel activeahmed1
