maxgputemp 85
stratumproxy miner
globalminer claymore-xmr
proxypool1 electroneum.hashparty.io:5555
proxywallet etnjzBmshEsgWPeGeMAFeFBydrkbNVcioL93hwKZSauxJxj3P14CBgTTx8xDVRinvoKTcAfpVLo4aRi5wMBKBcxv7SJcuwbWkK
poolpass1 x
globalfan 100
custompanel activeahmed1
flags --cl-global-work 8192 --farm-recheck 200

cor 115-C766PI20-101 890
mem 115-C766PI20-101 1500
pwr 115-C766PI20-101 20

cor 113-1E353FU.O50 1090
mem 113-1E353FU.O50 2000
pwr 113-1E353FU.O50 7

cor 113-D0090101_100 1090
mem 113-D0090101_100 2000
pwr 113-D0090101_100 7

cor 113-D0000301_101 1090
mem 113-D0000301_101 2000
pwr 113-D0000301_101 7

cor 113-D0090101_103 1090
mem 113-D0090101_103 2000
pwr 113-D0090101_103 7

cor 113-H5885SHD1-W90 1090
mem 113-H5885SHD1-W90 2000
pwr 113-H5885SHD1-W90 7

cor XXX-XXX-XXXX 1090
mem XXX-XXX-XXXX 2000
pwr XXX-XXX-XXXX 7

cor XXX-XXX-XXX 1090
mem XXX-XXX-XXX 2000
pwr XXX-XXX-XXX 7

cor 9ab62d 1090 1090 1090 1090 1090 1090
mem 9ab62d 2000 2000 2000 2000 2000 2000
pwr 9ab62d 7 7 7 7 7 7

cor 9a29aa 1090 1090 1090 1090 1090 1090
mem 9a29aa 2000 2000 2000 2000 2000 2000
pwr 9a29aa 7 7 7 7 7 7

cor 9e3633 1090 1090 1090 1090 1090 1090
mem 9e3633 2000 2000 2000 2000 2000 2000
pwr 9e3633 7 7 7 7 7 7

cor 10d756 1090 1090 1090 1090 1090 1090
mem 10d756 2000 2000 2000 2000 2000 2000
pwr 10d756 7 7 7 7 7 7

cor 70ab7e 890 890 890 890 890 890
mem 70ab7e 1575 1575 1575 1575 1575 1575
pwr 70ab7e 20 20 20 20 20 20

cor 9a4f34 1090 1090 1090 1090 1090 1090
mem 9a4f34 2000 2000 2000 2000 2000 2000
pwr 9a4f34 7 7 7 7 7 7

cor 016a9c 1090 1090 1090 1090 1090 1090
mem 016a9c 2000 2000 2000 2000 2000 2000
pwr 016a9c 7 7 7 7 7 7

cor 016a86 1090 1090 1090 1090 1090 1090
mem 016a86 2000 2000 2000 2000 2000 2000
pwr 016a86 7 7 7 7 7 7

cor 016abe 1090 1090 1090 1090 1090 1090
mem 016abe 2000 2000 2000 2000 2000 2000
pwr 016abe 7 7 7 7 7 7

cor 016ac0 1090 1090 1090 1090 1090 1090
mem 016ac0 2000 2000 2000 2000 2000 2000
pwr 016ac0 7 7 7 7 7 7

cor effcc9 1090 1090 1090 1090 1090 1090
mem effcc9 2000 2000 2000 2000 2000 2000
pwr effcc9 7 7 7 7 7 7

cor 40f5a5 1090 1090 1090 1090 1090 1090
mem 40f5a5 2000 2000 2000 2000 2000 2000
pwr 40f5a5 7 7 7 7 7 7

cor 40f597 1090 1090 1090 1090 1090 1090
mem 40f597 2000 2000 2000 2000 2000 2000
pwr 40f597 7 7 7 7 7 7

cor 96c10c 890 890 890 890 890 890
mem 96c10c 1575 1575 1575 1575 1575 1575
pwr 96c10c 20 20 20 20 20 20

cor 936a86 1090 1090 1090 1090 1090 1090
mem 936a86 2000 2000 2000 2000 2000 2000
pwr 936a86 7 7 7 7 7 7

cor 336042 1090 1090 1090 1090 1090 1090
mem 336042 2000 2000 2000 2000 2000 2000
pwr 336042 7 7 7 7 7 7

cor e73fb6 1090 1090 1090 1090 1090 1090
mem e73fb6 2000 2000 2000 2000 2000 2000
pwr e73fb6 7 7 7 7 7 7

cor e141a0 1090 1090 1090 1090 1090 1090
mem e141a0 2000 2000 2000 2000 2000 2000
pwr e141a0 7 7 7 7 7 7

cor e14195 1090 1090 1090 1090 1090 1090
mem e14195 2000 2000 2000 2000 2000 2000
pwr e14195 7 7 7 7 7 7

cor eff6dc 1090 1090 1090 1090 1090 1090
mem eff6dc 2000 2000 2000 2000 2000 2000
pwr eff6dc 7 7 7 7 7 7

cor eff85e 1090 1090 1090 1090 1090 1090
mem eff85e 2000 2000 2000 2000 2000 2000
pwr eff85e 7 7 7 7 7 7

cor eff675 1090 1090 1090 1090 1090 1090
mem eff675 2000 2000 2000 2000 2000 2000
pwr eff675 7 7 7 7 7 7

cor eff919 1090 1090 1090 1090 1090 1090
mem eff919 2000 2000 2000 2000 2000 2000
pwr eff919 7 7 7 7 7 7

cor effa16 1090 1090 1090 1090 1090 1090
mem effa16 2000 2000 2000 2000 2000 2000
pwr effa16 7 7 7 7 7 7

cor effa83 1090 1090 1090 1090 1090 1090
mem effa83 2000 2000 2000 2000 2000 2000
pwr effa83 7 7 7 7 7 7

cor effb55 1090 1090 1090 1090 1090 1090
mem effb55 2000 2000 2000 2000 2000 2000
pwr effb55 7 7 7 7 7 7

cor f20cd0 1090 1090 1090 1090 1090 1090
mem f20cd0 2000 2000 2000 2000 2000 2000
pwr f20cd0 7 7 7 7 7 7

cor f20d4e 1090 1090 1090 1090 1090 1090
mem f20d4e 2000 2000 2000 2000 2000 2000
pwr f20d4e 7 7 7 7 7 7

cor f21010 1090 1090 1090 1090 1090 1090
mem f21010 2000 2000 2000 2000 2000 2000
pwr f21010 7 7 7 7 7 7

cor eff834 1090 1090 1090 1090 1090 1090
mem eff834 2000 2000 2000 2000 2000 2000
pwr eff834 7 7 7 7 7 7

cor 016ac2 1090 1090 1090 1090 1090 1090
mem 016ac2 2000 2000 2000 2000 2000 2000
pwr 016ac2 7 7 7 7 7 7

cor 047f1a 1090 1090 1090 1090 1090 1090
mem 047f1a 2000 2000 2000 2000 2000 2000
pwr 047f1a 7 7 7 7 7 7

cor 10d669 1090 1090 1090 1090 1090 1090
mem 10d669 2000 2000 2000 2000 2000 2000
pwr 10d669 7 7 7 7 7 7

cor 7a705b 890 890 890 890 890 890
mem 7a705b 1575 1575 1575 1575 1575 1575
pwr 7a705b 20 20 20 20 20 20
