maxgputemp 85
globalminer sgminer-gm-xmr
sgminer-gm-xmr=proxypool1 xmr-us-east1.nanopool.org:14444
sgminer-gm-xmr=proxypool2 xmr-us-west1.nanopool.org:14444
sgminer-gm-xmr=proxywallet 463tWEBn5XZJSxLU6uLQnQ2iY9xuNcDbjLSjkn3XAXHCbLrTTErJrBWYgHJQyrCwkNgYvyV3z8zctJLPCZy24jvb3NiTcTJ.a73aab1f8be84baebc13d80c03c34344bf3256eef7b74678b03ffcb1f0d73ade
sgminer-gm-xmr=poolpass1 activeplazainc@gmail.com
sgminer-gm-xmr=poolpass2 activeplazainc@gmail.com
globalfan 100
custompanel activeahmed1


cor 9a29aa 1090 1090 1090 1090 1090 1090
mem 9a29aa 2000 2000 2000 2000 2000 2000
pwr 9a29aa 7 7 7 7 7 7

cor 9e3633 1090 1090 1090 1090 1090 1090
mem 9e3633 2000 2000 2000 2000 2000 2000
pwr 9e3633 7 7 7 7 7 7

cor 10d756 1090 1090 1090 1090 1090 1090
mem 10d756 2000 2000 2000 2000 2000 2000
pwr 10d756 7 7 7 7 7 7

cor 70ab7e 890 890 890 890 890 890
mem 70ab7e 1575 1575 1575 1575 1575 1575
pwr 70ab7e 20 20 20 20 20 20

cor 9a4f34 1090 1090 1090 1090 1090 1090
mem 9a4f34 2000 2000 2000 2000 2000 2000
pwr 9a4f34 7 7 7 7 7 7

cor 016a9c 1090 1090 1090 1090 1090 1090
mem 016a9c 2000 2000 2000 2000 2000 2000
pwr 016a9c 7 7 7 7 7 7

cor 016a86 1090 1090 1090 1090 1090 1090
mem 016a86 2000 2000 2000 2000 2000 2000
pwr 016a86 7 7 7 7 7 7

cor 016abe 1090 1090 1090 1090 1090 1090
mem 016abe 2000 2000 2000 2000 2000 2000
pwr 016abe 7 7 7 7 7 7

cor 016ac0 1090 1090 1090 1090 1090 1090
mem 016ac0 2000 2000 2000 2000 2000 2000
pwr 016ac0 7 7 7 7 7 7

cor effcc9 1090 1090 1090 1090 1090 1090
mem effcc9 2000 2000 2000 2000 2000 2000
pwr effcc9 7 7 7 7 7 7
